,alligator,ant,butterfly,caterpillar,chick,crab,dinosaur,dragon,duck,eel,fish,fly,frog,jellyfish,lizard,lobster,mosquito,moth,octopus,ostrich,owl,peacock,penguin,rooster,scorpion,seahorse,shark,snail,snake,spider,turkey,turtle,worm,dove,dragonfly,flamingo,goldfish,hummingbird,ladybug,pigeons,seagulls,swan,woodpecker
alligator,1.0,0.25608552948625773,0.2798406172129322,0.2871713489678467,0.27264336953554236,0.3708801035347805,0.4550508428682294,0.314259125246945,0.42588595473649704,0.49330633516113265,0.4112130116631043,0.33806318064199536,0.4630395557834166,0.3472105907590498,0.4934201893754109,0.34496396243717786,0.357252550860929,0.3434919819745167,0.38269749226946526,0.39373490872886296,0.3691408634338047,0.2785716795469244,0.3576945724437637,0.2608876962183653,0.34229039328230737,0.34785992079444217,0.44732141319216945,0.28309280497321176,0.4979863086389691,0.3258113023729259,0.22373824669159292,0.4477027750095386,0.3565148468129774,0.23077017410013168,0.32072917248309063,0.3662262040427068,0.274702189101115,0.39009467342381265,0.25390884610855247,0.2613465063280007,0.32748378269774003,0.31523708657284955,0.31179804814255774
ant,0.25608552948625773,1.0,0.32391130878149843,0.32611677362429137,0.33102529365704725,0.35660067400146134,0.379937312312729,0.313541872992657,0.23781402286308562,0.26407431463264663,0.25401559243258254,0.3116687463211888,0.32236521990364064,0.3866965439533816,0.3400651659889512,0.2498197958202597,0.4365417561195002,0.36785179378242017,0.3279052874122552,0.383802343404653,0.3063713586213246,0.2798727709979588,0.2938755569922793,0.3128497545789568,0.23972652345594603,0.2851060178310144,0.3191649669699963,0.38564778806467226,0.3245415393076396,0.42024025975172075,0.3698665639671296,0.33483509413114376,0.42602101391402714,0.31288714766159365,0.35879780037737885,0.3019341536915272,0.2441579355655339,0.32812935268696874,0.36386754011926115,0.34949078406434153,0.30462945096379057,0.23123409231809733,0.3522972860514051
butterfly,0.2798406172129322,0.32391130878149843,1.0,0.5744318185324175,0.34763794036376194,0.2766590043914293,0.31858723746616635,0.3626357345620257,0.31787187619458557,0.29955858453047535,0.307017065699841,0.5321350261217139,0.39149455232825514,0.26682677162531054,0.2397567639139211,0.25141167482446236,0.44853289521939343,0.5969789311434626,0.3202582684692763,0.27772657323312644,0.3531266272612179,0.3950840522393415,0.44715381023846834,0.4246189751999553,0.3140799040874219,0.3089535028497361,0.40310019701758004,0.3470261263106782,0.35214469417053285,0.44813648012143925,0.18022307950240457,0.30341039827912497,0.3661698177993138,0.34069058029173427,0.5844214996964839,0.3968373595110646,0.29816290060383044,0.4598349573539444,0.4441107002010193,0.316110632228333,0.2871767038532089,0.4312336470343916,0.3751084635102522
caterpillar,0.2871713489678467,0.32611677362429137,0.5744318185324175,1.0,0.29439552274176584,0.2988503685081956,0.32016041178106003,0.3678839586928344,0.29000926621017675,0.3420836047875523,0.30580704977912343,0.3714099333506812,0.4638988145225489,0.27618254560447875,0.37412879743557204,0.24170178401399234,0.3482609946292904,0.5967543769449669,0.2866517047846855,0.31288392263774223,0.3793324612104002,0.27333394219325646,0.32587015636133243,0.3941609541849673,0.33975291367019833,0.25049183960369814,0.25269636970849263,0.40449432764149407,0.3728962894466449,0.41395065942486653,0.20042729031602358,0.33714125842089127,0.4945862662416267,0.24864375624090873,0.5190896835707778,0.32781587447355,0.29464159339349427,0.31252902557567375,0.4179618348980274,0.34664238815843673,0.2765509014456671,0.3179356107997233,0.4373425419269297
chick,0.27264336953554236,0.33102529365704725,0.34763794036376194,0.29439552274176584,0.9999999999999998,0.3008814123882302,0.36483114020187335,0.4136540512029764,0.41281314582039985,0.19337747782101977,0.36721208688174856,0.36271968472913896,0.37849541754728677,0.12424749369697186,0.3892777758833881,0.2248460450481582,0.24484625813735839,0.25666783745183575,0.22445007720846344,0.3744020550196059,0.33882036602810195,0.3883764537873846,0.44240049638284296,0.5252787701489792,0.2883987597783195,0.30786229629425943,0.23427552621077996,0.313943202771352,0.37674335159379635,0.3541985666187679,0.38008098006349034,0.3381434840043256,0.2813836157737143,0.2848472250840657,0.26730640964179364,0.37966140620557487,0.2001101502563677,0.39403786125923845,0.2801258636965116,0.41295461369123787,0.2971665362532814,0.3776183153469006,0.4117727213055449
crab,0.3708801035347805,0.35660067400146134,0.2766590043914293,0.2988503685081956,0.3008814123882302,1.0,0.3496457691673458,0.44569031422923566,0.30032986532646744,0.39885704041595593,0.4684099727664963,0.25927345331591567,0.37472669380710955,0.3941643268268147,0.40691636077142457,0.6546572048390555,0.35633401794892816,0.22540431728313282,0.4125789984279422,0.30054904734958976,0.14623061027373174,0.26345853439115796,0.3476124731316965,0.31071556311856574,0.44736736054879,0.4095634339301787,0.40783260450524383,0.30897441727230435,0.3693809982994969,0.3615641871622395,0.25579571166709214,0.3777108132262491,0.2953352051000022,0.21936848285305766,0.24810768353613888,0.27296205103696425,0.318775467908629,0.19657027049986797,0.27510396622718125,0.282545647583649,0.3086478703468314,0.26177791524100535,0.27156208922037073
dinosaur,0.4550508428682294,0.379937312312729,0.31858723746616635,0.32016041178106003,0.36483114020187335,0.3496457691673458,1.0,0.42962004678136834,0.3484102080461464,0.32017436839448654,0.3133721190904937,0.2844756358459737,0.31730969593264835,0.30767909565401963,0.564463288106347,0.35575788018350607,0.3332071477609706,0.3609622536073893,0.33864213731936055,0.43114319882047303,0.33095743246796494,0.32927045052354575,0.38607812046902157,0.2965266300386614,0.2538432594904092,0.33391972129388636,0.3913532683275347,0.21687424578838232,0.3347811554757818,0.36366166203809125,0.31817143354739996,0.37175402585126416,0.27583327379016054,0.11674519051752208,0.37982541619177546,0.3628928442140271,0.2789452880215435,0.30046382350376755,0.29675048007462923,0.2893060941962522,0.3148940287475519,0.3156749729472408,0.34840892965363657
dragon,0.314259125246945,0.313541872992657,0.3626357345620257,0.3678839586928344,0.4136540512029764,0.44569031422923566,0.42962004678136834,1.0,0.3189387734373006,0.36469065381501153,0.3933621602108135,0.4026486614375213,0.37861511015968907,0.2788797764283102,0.5173646937725522,0.24421450353760443,0.3009014200850486,0.3185928794167132,0.36542073461663493,0.30865660612138546,0.35457231283913004,0.3680803279457556,0.3856484664764819,0.430324588758091,0.4528698887951885,0.36718635677362255,0.4591629517221423,0.25057318194690836,0.4795942014140562,0.38395995200104494,0.3189617437242769,0.42552683044616246,0.31669246182509503,0.2272210127965103,0.4647484703924164,0.3970125095755779,0.24817339577339803,0.33770802943695966,0.27000329258968137,0.29795651582397853,0.17969157592331508,0.34556954956539154,0.3466637072510097
duck,0.42588595473649704,0.23781402286308562,0.31787187619458557,0.29000926621017675,0.41281314582039985,0.30032986532646744,0.3484102080461464,0.3189387734373006,1.0,0.336540761215945,0.3986661750049656,0.3698567166648352,0.41659892825554423,0.2210371567664151,0.30760306801844717,0.3266893378330923,0.2898451819091252,0.32688412306824177,0.2887243849272949,0.3498870716396676,0.317215326299774,0.3763503996811499,0.3481098484521111,0.39391914143099704,0.23624695432452048,0.1778865037372912,0.38711703896058824,0.300406405824869,0.35627669198590317,0.3716694616354339,0.3071826815784855,0.3616251898547762,0.23162090467809016,0.2443553336698615,0.279275486935188,0.2850405409308614,0.2733493962325886,0.30806467370599244,0.20929623352829996,0.39677989335853825,0.3305236712427979,0.48561647302037825,0.4328686871849523
eel,0.49330633516113265,0.26407431463264663,0.29955858453047535,0.3420836047875523,0.19337747782101977,0.39885704041595593,0.32017436839448654,0.36469065381501153,0.336540761215945,1.0,0.5182415361887451,0.22291489236011275,0.4073521888319762,0.547402321530795,0.3132669483577828,0.4341625326702119,0.3124896796264074,0.3612623144089424,0.5864079073722412,0.4489919277326282,0.34994515443116336,0.40741792527997656,0.28066698895767783,0.2816595204310821,0.36275390028103227,0.4941622738460374,0.4784995702241359,0.39542340205786664,0.43112052337924656,0.33386698860447483,0.2370799645817856,0.35816063360556216,0.38515172800624986,0.19983583728162013,0.37912109950076445,0.3144517824811378,0.33618784078666797,0.2805038898541927,0.2600638503821673,0.24445132737906494,0.4275984547548374,0.3860783579775825,0.3317657292290961
fish,0.4112130116631043,0.25401559243258254,0.307017065699841,0.30580704977912343,0.36721208688174856,0.4684099727664963,0.3133721190904937,0.3933621602108135,0.3986661750049656,0.5182415361887451,1.0,0.3694096818788575,0.4198267853774117,0.4012150553266216,0.3452267219459677,0.3927704768904279,0.36762462125342066,0.2304663806506273,0.42867592133975985,0.3001503821609466,0.26020129508162904,0.4146692254379063,0.41082666542900736,0.38844931373205627,0.28287502275566845,0.41702694739885116,0.5343008454336964,0.39702061329894534,0.45576735450501515,0.34439843025409345,0.355518350938961,0.42786783866698386,0.36797881777484154,0.26134573868764877,0.2457193474545578,0.22632649796627546,0.6582385890548169,0.29945714711935534,0.1835577845257489,0.4302212480419991,0.44281680156652325,0.32587395403824226,0.29169461762153737
fly,0.33806318064199536,0.3116687463211888,0.5321350261217139,0.3714099333506812,0.36271968472913896,0.25927345331591567,0.2844756358459737,0.4026486614375213,0.3698567166648352,0.22291489236011275,0.3694096818788575,1.0,0.378200931612546,0.23302384787524688,0.2855668694435789,0.2446896657696085,0.3353643655590781,0.45178019756883403,0.24561697764586632,0.36081787166382284,0.33955190713963657,0.366901895449542,0.3674727376818381,0.3454216748774219,0.2787557688999591,0.3221232046850603,0.35284782431871364,0.36820264261816227,0.36081786448094366,0.40510030197921476,0.28777329467112345,0.36230499107225866,0.41202865960412327,0.20163654311451118,0.48874185368702383,0.3771708496804691,0.23898933563533598,0.4405626186574185,0.24215140352256992,0.3860650489055245,0.36603664069865993,0.33953069498217747,0.3806146173251932
frog,0.4630395557834166,0.32236521990364064,0.39149455232825514,0.4638988145225489,0.37849541754728677,0.37472669380710955,0.31730969593264835,0.37861511015968907,0.41659892825554423,0.4073521888319762,0.4198267853774117,0.378200931612546,0.9999999999999999,0.30623820690212566,0.4842712698571816,0.30425243735229324,0.4141678923252756,0.3847962675224442,0.3302774074045083,0.333638125269731,0.4098666408628483,0.33569092803364753,0.4694414417952346,0.37109345165304464,0.35277432139341824,0.3907700463407908,0.33440834334465364,0.3974069607034275,0.4505387600137649,0.458461307948308,0.2512352203619008,0.5018994054962603,0.43129512652285373,0.20799291259969932,0.33357369170690476,0.3902222313895072,0.3613554367617344,0.4023755752665761,0.30099289830097464,0.3298206514339117,0.2856240802316532,0.27814164118771423,0.4054324194639851
jellyfish,0.3472105907590498,0.3866965439533816,0.26682677162531054,0.27618254560447875,0.12424749369697186,0.3941643268268147,0.30767909565401963,0.2788797764283102,0.2210371567664151,0.547402321530795,0.4012150553266216,0.23302384787524688,0.30623820690212566,0.9999999999999998,0.30637174009993595,0.44658893278205614,0.40871628579724995,0.2778053162537458,0.5860403119064095,0.3339950029777313,0.3329790806456949,0.2750596664555287,0.24304017296633174,0.1481994009974471,0.3873322236574701,0.4507110468658584,0.4098426744236543,0.41191673703184684,0.32472677207229883,0.2931991499555615,0.2428109321080254,0.3768215192097677,0.366606217174255,0.20705964494032836,0.3546501340100161,0.27209337199758354,0.2912497488911885,0.2912199987825488,0.3151814416169907,0.26403672526913313,0.3928192476389075,0.2254026930882681,0.27923638243941884
lizard,0.4934201893754109,0.3400651659889512,0.2397567639139211,0.37412879743557204,0.3892777758833881,0.40691636077142457,0.564463288106347,0.5173646937725522,0.30760306801844717,0.3132669483577828,0.3452267219459677,0.2855668694435789,0.4842712698571816,0.30637174009993595,1.0,0.35828488722116547,0.37142447351185137,0.36536416975017594,0.29367949143021943,0.3599566145516505,0.3279103267949883,0.3684880124468668,0.3215345405503405,0.28918406821546727,0.3752427918599843,0.3026651001875995,0.31799474087696544,0.21228702271308575,0.4689230277486631,0.41186833675357293,0.22001832067356797,0.4793304567716763,0.3680381137727955,0.19878893159228817,0.389544627307181,0.3677009850052506,0.2646274426095905,0.2862734896334449,0.32391912326618433,0.24053752820009133,0.21610080010053456,0.24481455116428175,0.3265609861815433
lobster,0.34496396243717786,0.2498197958202597,0.25141167482446236,0.24170178401399234,0.2248460450481582,0.6546572048390555,0.35575788018350607,0.24421450353760443,0.3266893378330923,0.4341625326702119,0.3927704768904279,0.2446896657696085,0.30425243735229324,0.44658893278205614,0.35828488722116547,1.0,0.3838357386569963,0.24649937982761527,0.41865624885412744,0.2890468605919736,0.25936452591017134,0.27940506741254567,0.31278102798222407,0.2323138454609308,0.35376196347116695,0.36484615493794337,0.3052360979219404,0.29236528724150124,0.2524136996941325,0.2564636145286999,0.2635088946195654,0.3332406568783943,0.2560262368345956,0.15928978057290955,0.3145613955677967,0.26584375354864265,0.33957954055285966,0.2569990221328069,0.22682629645154317,0.25513883211872246,0.2927614021299545,0.3102547173604324,0.2572335782092441
mosquito,0.357252550860929,0.4365417561195002,0.44853289521939343,0.3482609946292904,0.24484625813735839,0.35633401794892816,0.3332071477609706,0.3009014200850486,0.2898451819091252,0.3124896796264074,0.36762462125342066,0.3353643655590781,0.4141678923252756,0.40871628579724995,0.37142447351185137,0.3838357386569963,1.0,0.44569851557504603,0.30885331576290986,0.2828915161054455,0.3042112476404426,0.396790073144361,0.30838855952667676,0.4083013783682842,0.37218565498323275,0.3304375089608853,0.3411403587398716,0.2735273852559571,0.27185620139932776,0.3987911863916298,0.24735463641295607,0.30402047500799056,0.34781924964081723,0.2965023234448674,0.5409281119960625,0.31763053941549413,0.2753932317609732,0.443316716967155,0.42834913426236887,0.28507581072638266,0.2866348947247438,0.30384077895999595,0.37100194184235047
moth,0.3434919819745167,0.36785179378242017,0.5969789311434626,0.5967543769449669,0.25666783745183575,0.22540431728313282,0.3609622536073893,0.3185928794167132,0.32688412306824177,0.3612623144089424,0.2304663806506273,0.45178019756883403,0.3847962675224442,0.2778053162537458,0.36536416975017594,0.24649937982761527,0.44569851557504603,0.9999999999999999,0.2519717009304431,0.3238808084788458,0.447133507995905,0.3316184783252518,0.35660928096569666,0.27479499199102486,0.2229936807544144,0.2606451020679774,0.28116059005710436,0.3641504341326459,0.3539036109157683,0.44472076957457807,0.19362160361193537,0.2525323150716864,0.45583295851909833,0.3016679829019322,0.5504172847995854,0.3315747091219383,0.2195668028995892,0.42717625287703886,0.4512458542325919,0.27270870878027853,0.2954354993005571,0.28698879832019475,0.4672030297307552
octopus,0.38269749226946526,0.3279052874122552,0.3202582684692763,0.2866517047846855,0.22445007720846344,0.4125789984279422,0.33864213731936055,0.36542073461663493,0.2887243849272949,0.5864079073722412,0.42867592133975985,0.24561697764586632,0.3302774074045083,0.5860403119064095,0.29367949143021943,0.41865624885412744,0.30885331576290986,0.2519717009304431,0.9999999999999998,0.4499684924728735,0.4031002457322731,0.40474485771700897,0.36158371416759794,0.251257068140194,0.4118331632041097,0.5329313328268167,0.45523090272760713,0.47065592564491077,0.43143689362597804,0.3978116891105755,0.2529880857693232,0.4157112736101949,0.2621781955960468,0.2803797827905199,0.3389462677841053,0.40034367668520154,0.3654018357598161,0.37634365546472215,0.35632716610950443,0.3066142364672182,0.4126422144668147,0.33457488527066837,0.24733606816950982
ostrich,0.39373490872886296,0.383802343404653,0.27772657323312644,0.31288392263774223,0.3744020550196059,0.30054904734958976,0.43114319882047303,0.30865660612138546,0.3498870716396676,0.4489919277326282,0.3001503821609466,0.36081787166382284,0.333638125269731,0.3339950029777313,0.3599566145516505,0.2890468605919736,0.2828915161054455,0.3238808084788458,0.4499684924728735,1.0,0.4261115704092173,0.5314353656312352,0.44301035235762853,0.40164956770657767,0.3056280161637114,0.4262201492451645,0.27161873079779,0.35901267189962915,0.2923214922374874,0.36788607158238973,0.40672694594407366,0.35426062239980205,0.30584550328711413,0.2694280948304024,0.27937490457489456,0.4492091666693433,0.23836919361413356,0.4747912226500858,0.22561576937099315,0.40901015656549233,0.5134395563618209,0.35080156723601386,0.4692789656726075
owl,0.3691408634338047,0.3063713586213246,0.3531266272612179,0.3793324612104002,0.33882036602810195,0.14623061027373174,0.33095743246796494,0.35457231283913004,0.317215326299774,0.34994515443116336,0.26020129508162904,0.33955190713963657,0.4098666408628483,0.3329790806456949,0.3279103267949883,0.25936452591017134,0.3042112476404426,0.447133507995905,0.4031002457322731,0.4261115704092173,1.0,0.39723765073201867,0.4500641743262572,0.38581787314730787,0.30933128271705135,0.3205642554416288,0.288477929132415,0.3161280128161028,0.3654396785726943,0.3692825004681981,0.284796446239002,0.41594869103008136,0.23298636371685133,0.3144036873203546,0.38211892330679653,0.3522963287865085,0.2827656113111374,0.47779186542158625,0.2414895829483743,0.46393032998876826,0.3996589847834111,0.38224067271946893,0.4976976796210535
peacock,0.2785716795469244,0.2798727709979588,0.3950840522393415,0.27333394219325646,0.3883764537873846,0.26345853439115796,0.32927045052354575,0.3680803279457556,0.3763503996811499,0.40741792527997656,0.4146692254379063,0.366901895449542,0.33569092803364753,0.2750596664555287,0.3684880124468668,0.27940506741254567,0.396790073144361,0.3316184783252518,0.40474485771700897,0.5314353656312352,0.39723765073201867,0.9999999999999999,0.43580768475231,0.48861459220512005,0.25453800773661583,0.41031076280767675,0.36968929574377263,0.290858345754026,0.2761946197802313,0.38444652896218745,0.3276914447387358,0.2985874028600781,0.21626375182354618,0.3541845629691791,0.4330015549801809,0.5344081004171395,0.3163241067704181,0.4920869013816003,0.2900311544471359,0.4562222263193141,0.5051015587968607,0.5567511119634772,0.45348207137667695
penguin,0.3576945724437637,0.2938755569922793,0.44715381023846834,0.32587015636133243,0.44240049638284296,0.3476124731316965,0.38607812046902157,0.3856484664764819,0.3481098484521111,0.28066698895767783,0.41082666542900736,0.3674727376818381,0.4694414417952346,0.24304017296633174,0.3215345405503405,0.31278102798222407,0.30838855952667676,0.35660928096569666,0.36158371416759794,0.44301035235762853,0.4500641743262572,0.43580768475231,1.0,0.4145846711045067,0.24173988011716685,0.3909672839614742,0.43514562363739673,0.29019334178082046,0.34983888850959965,0.4270054157164753,0.3215053160619814,0.3470136229938581,0.2490986540572463,0.3116315523731259,0.2958800204934482,0.47591991229859243,0.3881009557482098,0.44549011551222206,0.31623138313116717,0.3630216843334986,0.35314868731190785,0.3745454711603511,0.4180801256611373
rooster,0.2608876962183653,0.3128497545789568,0.4246189751999553,0.3941609541849673,0.5252787701489792,0.31071556311856574,0.2965266300386614,0.430324588758091,0.39391914143099704,0.2816595204310821,0.38844931373205627,0.3454216748774219,0.37109345165304464,0.1481994009974471,0.28918406821546727,0.2323138454609308,0.4083013783682842,0.27479499199102486,0.251257068140194,0.40164956770657767,0.38581787314730787,0.48861459220512005,0.4145846711045067,1.0,0.3586572337474052,0.3802545378292099,0.33106462391746627,0.2609316591475471,0.4140854425626992,0.34133138812049657,0.33751785527957057,0.3814068359067766,0.34727813752199843,0.29070853958352516,0.3316385415245694,0.326552312230904,0.29944774899324433,0.3121690964566295,0.22619647793752928,0.4237715901990813,0.34266719873377627,0.41369233130593286,0.4269054418566628
scorpion,0.34229039328230737,0.23972652345594603,0.3140799040874219,0.33975291367019833,0.2883987597783195,0.44736736054879,0.2538432594904092,0.4528698887951885,0.23624695432452048,0.36275390028103227,0.28287502275566845,0.2787557688999591,0.35277432139341824,0.3873322236574701,0.3752427918599843,0.35376196347116695,0.37218565498323275,0.2229936807544144,0.4118331632041097,0.3056280161637114,0.30933128271705135,0.25453800773661583,0.24173988011716685,0.3586572337474052,1.0,0.3140614302383833,0.3717405845417212,0.21576667254454285,0.3997285065831986,0.45075210385614994,0.21898947115161083,0.30683781125367404,0.28577323264883525,0.29238107210795183,0.3951436619298614,0.3093408821771574,0.21799539865447126,0.3181403056354768,0.30534163302826123,0.26589837288015505,0.1741519803602859,0.2960384300079695,0.315014227865966
seahorse,0.34785992079444217,0.2851060178310144,0.3089535028497361,0.25049183960369814,0.30786229629425943,0.4095634339301787,0.33391972129388636,0.36718635677362255,0.1778865037372912,0.4941622738460374,0.41702694739885116,0.3221232046850603,0.3907700463407908,0.4507110468658584,0.3026651001875995,0.36484615493794337,0.3304375089608853,0.2606451020679774,0.5329313328268167,0.4262201492451645,0.3205642554416288,0.41031076280767675,0.3909672839614742,0.3802545378292099,0.3140614302383833,1.0,0.4022637014230621,0.4002186691245656,0.37492191120633445,0.3069139426225014,0.21016661385044788,0.3498008243046067,0.31530578538146004,0.14387220018114866,0.3516812471761217,0.3428454658435076,0.32528616688208656,0.3814836596135711,0.22546433178650171,0.28673314477150447,0.3696034503813286,0.2619414182128952,0.31137505871222726
shark,0.44732141319216945,0.3191649669699963,0.40310019701758004,0.25269636970849263,0.23427552621077996,0.40783260450524383,0.3913532683275347,0.4591629517221423,0.38711703896058824,0.4784995702241359,0.5343008454336964,0.35284782431871364,0.33440834334465364,0.4098426744236543,0.31799474087696544,0.3052360979219404,0.3411403587398716,0.28116059005710436,0.45523090272760713,0.27161873079779,0.288477929132415,0.36968929574377263,0.43514562363739673,0.33106462391746627,0.3717405845417212,0.4022637014230621,1.0,0.4092675163605426,0.3737209637901825,0.44539550555520513,0.25787033417790417,0.44052118234614535,0.3218228375086791,0.18019522974478663,0.3607003855894968,0.31595060063743263,0.40253996859356267,0.29750127599498954,0.2190530732593985,0.33649746870230635,0.39110075576328807,0.39143969756152663,0.3226635090806256
snail,0.28309280497321176,0.38564778806467226,0.3470261263106782,0.40449432764149407,0.313943202771352,0.30897441727230435,0.21687424578838232,0.25057318194690836,0.300406405824869,0.39542340205786664,0.39702061329894534,0.36820264261816227,0.3974069607034275,0.41191673703184684,0.21228702271308575,0.29236528724150124,0.2735273852559571,0.3641504341326459,0.47065592564491077,0.35901267189962915,0.3161280128161028,0.290858345754026,0.29019334178082046,0.2609316591475471,0.21576667254454285,0.4002186691245656,0.4092675163605426,1.0,0.39901476914481515,0.41766350402065644,0.2641172992715093,0.3899660143390594,0.3578105662044879,0.24059205941827955,0.29274721714946783,0.247800336437362,0.302791720729066,0.34826864257394297,0.36093483715142893,0.3741568663337964,0.40853249050149,0.19254873269626915,0.32459814431830925
snake,0.4979863086389691,0.3245415393076396,0.35214469417053285,0.3728962894466449,0.37674335159379635,0.3693809982994969,0.3347811554757818,0.4795942014140562,0.35627669198590317,0.43112052337924656,0.45576735450501515,0.36081786448094366,0.4505387600137649,0.32472677207229883,0.4689230277486631,0.2524136996941325,0.27185620139932776,0.3539036109157683,0.43143689362597804,0.2923214922374874,0.3654396785726943,0.2761946197802313,0.34983888850959965,0.4140854425626992,0.3997285065831986,0.37492191120633445,0.3737209637901825,0.39901476914481515,0.9999999999999999,0.43996128646652877,0.28650573734570906,0.43352856642006965,0.42358255062501726,0.3290897430219506,0.28154262656365914,0.30786246111173465,0.3891573802073707,0.2926753582833942,0.23432453455338464,0.3592377374795621,0.25436709412906056,0.29136533523699115,0.3315525498209414
spider,0.3258113023729259,0.42024025975172075,0.44813648012143925,0.41395065942486653,0.3541985666187679,0.3615641871622395,0.36366166203809125,0.38395995200104494,0.3716694616354339,0.33386698860447483,0.34439843025409345,0.40510030197921476,0.458461307948308,0.2931991499555615,0.41186833675357293,0.2564636145286999,0.3987911863916298,0.44472076957457807,0.3978116891105755,0.36788607158238973,0.3692825004681981,0.38444652896218745,0.4270054157164753,0.34133138812049657,0.45075210385614994,0.3069139426225014,0.44539550555520513,0.41766350402065644,0.43996128646652877,0.9999999999999998,0.271476767546758,0.3484618530286825,0.35565801154867627,0.21737917026254117,0.43328480070926223,0.3278269343617033,0.3204982766792628,0.2992663187237572,0.3775520144838793,0.24277416531471296,0.27242353285828114,0.3555596808610437,0.4342782535972649
turkey,0.22373824669159292,0.3698665639671296,0.18022307950240457,0.20042729031602358,0.38008098006349034,0.25579571166709214,0.31817143354739996,0.3189617437242769,0.3071826815784855,0.2370799645817856,0.355518350938961,0.28777329467112345,0.2512352203619008,0.2428109321080254,0.22001832067356797,0.2635088946195654,0.24735463641295607,0.19362160361193537,0.2529880857693232,0.40672694594407366,0.284796446239002,0.3276914447387358,0.3215053160619814,0.33751785527957057,0.21898947115161083,0.21016661385044788,0.25787033417790417,0.2641172992715093,0.28650573734570906,0.271476767546758,1.0,0.2019725952034237,0.17187469702540326,0.26029947242727947,0.17312540331749793,0.2509243080587744,0.22611928560603944,0.2617344892849569,0.14921555166021572,0.3218024173704892,0.332549209799089,0.3225760355662096,0.30512432051695915
turtle,0.4477027750095386,0.33483509413114376,0.30341039827912497,0.33714125842089127,0.3381434840043256,0.3777108132262491,0.37175402585126416,0.42552683044616246,0.3616251898547762,0.35816063360556216,0.42786783866698386,0.36230499107225866,0.5018994054962603,0.3768215192097677,0.4793304567716763,0.3332406568783943,0.30402047500799056,0.2525323150716864,0.4157112736101949,0.35426062239980205,0.41594869103008136,0.2985874028600781,0.3470136229938581,0.3814068359067766,0.30683781125367404,0.3498008243046067,0.44052118234614535,0.3899660143390594,0.43352856642006965,0.3484618530286825,0.2019725952034237,1.0,0.34544462919750607,0.20625248320551925,0.35867938395690924,0.34281793988849896,0.4039098108825414,0.3158947953888591,0.24500694009449098,0.3069679755547545,0.23568554249423057,0.31016768601225553,0.27247957829260283
worm,0.3565148468129774,0.42602101391402714,0.3661698177993138,0.4945862662416267,0.2813836157737143,0.2953352051000022,0.27583327379016054,0.31669246182509503,0.23162090467809016,0.38515172800624986,0.36797881777484154,0.41202865960412327,0.43129512652285373,0.366606217174255,0.3680381137727955,0.2560262368345956,0.34781924964081723,0.45583295851909833,0.2621781955960468,0.30584550328711413,0.23298636371685133,0.21626375182354618,0.2490986540572463,0.34727813752199843,0.28577323264883525,0.31530578538146004,0.3218228375086791,0.3578105662044879,0.42358255062501726,0.35565801154867627,0.17187469702540326,0.34544462919750607,1.0,0.2347461726377007,0.4148213223063415,0.2874442380548863,0.29622190556991457,0.23534660907019656,0.28720583263302013,0.24986325340265603,0.28141135015488716,0.20130525703217517,0.3466190353397989
dove,0.23077017410013168,0.31288714766159365,0.34069058029173427,0.24864375624090873,0.2848472250840657,0.21936848285305766,0.11674519051752208,0.2272210127965103,0.2443553336698615,0.19983583728162013,0.26134573868764877,0.20163654311451118,0.20799291259969932,0.20705964494032836,0.19878893159228817,0.15928978057290955,0.2965023234448674,0.3016679829019322,0.2803797827905199,0.2694280948304024,0.3144036873203546,0.3541845629691791,0.3116315523731259,0.29070853958352516,0.29238107210795183,0.14387220018114866,0.18019522974478663,0.24059205941827955,0.3290897430219506,0.21737917026254117,0.26029947242727947,0.20625248320551925,0.2347461726377007,0.9999999999999998,0.32734060785994656,0.3293278378711235,0.2785766665974394,0.44095585748167654,0.3195349883887968,0.3928326729283953,0.35564278073909694,0.4080548515545267,0.362293729574253
dragonfly,0.32072917248309063,0.35879780037737885,0.5844214996964839,0.5190896835707778,0.26730640964179364,0.24810768353613888,0.37982541619177546,0.4647484703924164,0.279275486935188,0.37912109950076445,0.2457193474545578,0.48874185368702383,0.33357369170690476,0.3546501340100161,0.389544627307181,0.3145613955677967,0.5409281119960625,0.5504172847995854,0.3389462677841053,0.27937490457489456,0.38211892330679653,0.4330015549801809,0.2958800204934482,0.3316385415245694,0.3951436619298614,0.3516812471761217,0.3607003855894968,0.29274721714946783,0.28154262656365914,0.43328480070926223,0.17312540331749793,0.35867938395690924,0.4148213223063415,0.32734060785994656,1.0,0.45105603861134724,0.26262640702599316,0.5824316060212112,0.49267118467091653,0.32710559048291965,0.2995165359702263,0.4875965745032087,0.435764582739515
flamingo,0.3662262040427068,0.3019341536915272,0.3968373595110646,0.32781587447355,0.37966140620557487,0.27296205103696425,0.3628928442140271,0.3970125095755779,0.2850405409308614,0.3144517824811378,0.22632649796627546,0.3771708496804691,0.3902222313895072,0.27209337199758354,0.3677009850052506,0.26584375354864265,0.31763053941549413,0.3315747091219383,0.40034367668520154,0.4492091666693433,0.3522963287865085,0.5344081004171395,0.47591991229859243,0.326552312230904,0.3093408821771574,0.3428454658435076,0.31595060063743263,0.247800336437362,0.30786246111173465,0.3278269343617033,0.2509243080587744,0.34281793988849896,0.2874442380548863,0.3293278378711235,0.45105603861134724,1.0,0.2509139775679339,0.620444717043075,0.36922067417121895,0.4229147896988993,0.41144178555787203,0.41716762313491274,0.4148553153834845
goldfish,0.274702189101115,0.2441579355655339,0.29816290060383044,0.29464159339349427,0.2001101502563677,0.318775467908629,0.2789452880215435,0.24817339577339803,0.2733493962325886,0.33618784078666797,0.6582385890548169,0.23898933563533598,0.3613554367617344,0.2912497488911885,0.2646274426095905,0.33957954055285966,0.2753932317609732,0.2195668028995892,0.3654018357598161,0.23836919361413356,0.2827656113111374,0.3163241067704181,0.3881009557482098,0.29944774899324433,0.21799539865447126,0.32528616688208656,0.40253996859356267,0.302791720729066,0.3891573802073707,0.3204982766792628,0.22611928560603944,0.4039098108825414,0.29622190556991457,0.2785766665974394,0.26262640702599316,0.2509139775679339,1.0,0.26054004968220346,0.21747546116256222,0.3770053992019502,0.31342649524192123,0.29514758589498746,0.20006439976547952
hummingbird,0.39009467342381265,0.32812935268696874,0.4598349573539444,0.31252902557567375,0.39403786125923845,0.19657027049986797,0.30046382350376755,0.33770802943695966,0.30806467370599244,0.2805038898541927,0.29945714711935534,0.4405626186574185,0.4023755752665761,0.2912199987825488,0.2862734896334449,0.2569990221328069,0.443316716967155,0.42717625287703886,0.37634365546472215,0.4747912226500858,0.47779186542158625,0.4920869013816003,0.44549011551222206,0.3121690964566295,0.3181403056354768,0.3814836596135711,0.29750127599498954,0.34826864257394297,0.2926753582833942,0.2992663187237572,0.2617344892849569,0.3158947953888591,0.23534660907019656,0.44095585748167654,0.5824316060212112,0.620444717043075,0.26054004968220346,1.0,0.3543616526364548,0.4778535462020532,0.41945701624204457,0.3989480580291449,0.5421279092986852
ladybug,0.25390884610855247,0.36386754011926115,0.4441107002010193,0.4179618348980274,0.2801258636965116,0.27510396622718125,0.29675048007462923,0.27000329258968137,0.20929623352829996,0.2600638503821673,0.1835577845257489,0.24215140352256992,0.30099289830097464,0.3151814416169907,0.32391912326618433,0.22682629645154317,0.42834913426236887,0.4512458542325919,0.35632716610950443,0.22561576937099315,0.2414895829483743,0.2900311544471359,0.31623138313116717,0.22619647793752928,0.30534163302826123,0.22546433178650171,0.2190530732593985,0.36093483715142893,0.23432453455338464,0.3775520144838793,0.14921555166021572,0.24500694009449098,0.28720583263302013,0.3195349883887968,0.49267118467091653,0.36922067417121895,0.21747546116256222,0.3543616526364548,1.0,0.24314533799955496,0.2599594718984122,0.2945532174899608,0.3044575292379379
pigeons,0.2613465063280007,0.34949078406434153,0.316110632228333,0.34664238815843673,0.41295461369123787,0.282545647583649,0.2893060941962522,0.29795651582397853,0.39677989335853825,0.24445132737906494,0.4302212480419991,0.3860650489055245,0.3298206514339117,0.26403672526913313,0.24053752820009133,0.25513883211872246,0.28507581072638266,0.27270870878027853,0.3066142364672182,0.40901015656549233,0.46393032998876826,0.4562222263193141,0.3630216843334986,0.4237715901990813,0.26589837288015505,0.28673314477150447,0.33649746870230635,0.3741568663337964,0.3592377374795621,0.24277416531471296,0.3218024173704892,0.3069679755547545,0.24986325340265603,0.3928326729283953,0.32710559048291965,0.4229147896988993,0.3770053992019502,0.4778535462020532,0.24314533799955496,1.0,0.6425277315238327,0.4280487129940429,0.47610696059319946
seagulls,0.32748378269774003,0.30462945096379057,0.2871767038532089,0.2765509014456671,0.2971665362532814,0.3086478703468314,0.3148940287475519,0.17969157592331508,0.3305236712427979,0.4275984547548374,0.44281680156652325,0.36603664069865993,0.2856240802316532,0.3928192476389075,0.21610080010053456,0.2927614021299545,0.2866348947247438,0.2954354993005571,0.4126422144668147,0.5134395563618209,0.3996589847834111,0.5051015587968607,0.35314868731190785,0.34266719873377627,0.1741519803602859,0.3696034503813286,0.39110075576328807,0.40853249050149,0.25436709412906056,0.27242353285828114,0.332549209799089,0.23568554249423057,0.28141135015488716,0.35564278073909694,0.2995165359702263,0.41144178555787203,0.31342649524192123,0.41945701624204457,0.2599594718984122,0.6425277315238327,0.9999999999999998,0.42717311126951474,0.4531538455739321
swan,0.31523708657284955,0.23123409231809733,0.4312336470343916,0.3179356107997233,0.3776183153469006,0.26177791524100535,0.3156749729472408,0.34556954956539154,0.48561647302037825,0.3860783579775825,0.32587395403824226,0.33953069498217747,0.27814164118771423,0.2254026930882681,0.24481455116428175,0.3102547173604324,0.30384077895999595,0.28698879832019475,0.33457488527066837,0.35080156723601386,0.38224067271946893,0.5567511119634772,0.3745454711603511,0.41369233130593286,0.2960384300079695,0.2619414182128952,0.39143969756152663,0.19254873269626915,0.29136533523699115,0.3555596808610437,0.3225760355662096,0.31016768601225553,0.20130525703217517,0.4080548515545267,0.4875965745032087,0.41716762313491274,0.29514758589498746,0.3989480580291449,0.2945532174899608,0.4280487129940429,0.42717311126951474,0.9999999999999998,0.4488535653773139
woodpecker,0.31179804814255774,0.3522972860514051,0.3751084635102522,0.4373425419269297,0.4117727213055449,0.27156208922037073,0.34840892965363657,0.3466637072510097,0.4328686871849523,0.3317657292290961,0.29169461762153737,0.3806146173251932,0.4054324194639851,0.27923638243941884,0.3265609861815433,0.2572335782092441,0.37100194184235047,0.4672030297307552,0.24733606816950982,0.4692789656726075,0.4976976796210535,0.45348207137667695,0.4180801256611373,0.4269054418566628,0.315014227865966,0.31137505871222726,0.3226635090806256,0.32459814431830925,0.3315525498209414,0.4342782535972649,0.30512432051695915,0.27247957829260283,0.3466190353397989,0.362293729574253,0.435764582739515,0.4148553153834845,0.20006439976547952,0.5421279092986852,0.3044575292379379,0.47610696059319946,0.4531538455739321,0.4488535653773139,1.0
